# from m097

3.996006590890217E-002
5.193789799482727E-002
2.821481879332183E-002
-7.155531370986869E-003
8.439234581578324E-003
5.604909849389618E-003
-2.112982116142637E-004
1.053366252327978E-003
-1.851236179917042E-003
4.140612299743833E-004
1.236021389720204E-003
-6.246441341574162E-004
1.850321156784382E-004
-3.083165805904073E-004
-1.884738328708767E-004
-1.473375349011201E-004
2.734545215918396E-004
-9.428901201126358E-005
-8.217491503369612E-003
-3.468224843480556E-003
-3.161111204928538E-003
-1.072439879964794E-003
-9.586131658572844E-004
8.706233096924212E-004
8.065356459113949E-004
2.250880856504558E-004
-2.067254158841893E-004
4.924282870566280E-004
8.873589863855301E-005
8.292063799872029E-005
-8.844428107771405E-005
-2.810591122851394E-004
4.023444112995377E-004
2.371994369925864E-004
7.764740468159771E-004
4.786719119395224E-004
1.513378528139450E-004
-1.521716357605174E-004
7.107934594853898E-005
-2.777465327170934E-004
9.614664471562406E-006
-1.136931197715106E-004
1.420315849666848E-004
3.937651813859213E-004
2.831192646299253E-004
-4.745157351698976E-005
2.225736526445412E-004
-2.631827240124569E-004
6.095298106805523E-005
-1.220098285852057E-004
-1.023953229985185E-004
6.830206411906936E-005
1.533958875678365E-005
-7.149543028364767E-005
1.181739010216879E-005
-1.796585233956301E-004
5.585214404628221E-006
-3.371750055454257E-005
-1.168664448471223E-004
1.841617953548688E-004
-4.295843146917938E-005
5.232236285798421E-005
7.335896261561807E-005
-3.505274552511092E-005
-3.250708912345705E-005
-7.284313539233693E-005
-8.480202279098113E-005
-2.653070154258707E-005
-1.269367250827754E-004
-5.279655593897571E-007
1.046638192702764E-005
4.758486115577485E-006
7.086598347139225E-005
-1.010754515753359E-005
-2.640925109392728E-005
-3.408717898978214E-005
1.580153237407578E-005
2.908616547865272E-005
3.715634810839245E-002
2.565001320055496E-002
4.129424681792271E-003
-1.429120870068704E-003
2.854589647269784E-003
-1.921690942037090E-003
1.684525636294835E-003
6.466288150979166E-004
-1.607872994657706E-003
8.774587130989790E-004
-2.013125665907516E-004
-5.730818994433150E-004
4.082667864455075E-004
-2.488873585955252E-004
-1.164875228648831E-004
1.741586571028313E-004
-1.610735661640800E-004
-2.219463012302172E-004
-3.048564197832031E-003
4.880769771631908E-004
-1.074927042929543E-003
-5.374086802305458E-004
-4.069304417438684E-004
7.398832677608886E-005
-1.464385374860333E-004
4.670297848731109E-005
-1.262269699479845E-004
9.037262636374751E-005
-1.416239292329401E-004
-8.666230836431076E-005
1.486331109374811E-004
-9.624718312221126E-005
1.688516427762570E-004
3.726327127717040E-004
2.945028807826563E-004
6.225831123804162E-004
7.400098132755617E-005
2.903591540464365E-005
-1.699832977470655E-004
-1.116061883191105E-004
2.333101867977255E-005
-5.332928520851072E-005
-1.979822382892893E-004
5.009994994284542E-004
-1.020199054963736E-004
4.174568641599096E-004
1.652665084778909E-004
4.041861960221148E-005
2.849712487905312E-005
-5.973979066823715E-005
1.239713335294222E-005
3.545303802366812E-005
9.059873541497221E-005
-9.870389432352624E-005
6.936502363352183E-005
-9.234667970532268E-006
-2.520622622726561E-005
1.218011137665128E-005
-6.185471859925881E-005
4.239923844621999E-005
-2.018507657651148E-005
-8.024780808136704E-005
8.284650364596657E-005
1.382932396462530E-005
1.844602788733413E-005
-2.338137367503999E-006
-7.686080548034408E-005
4.846212123857365E-005
2.628285175887515E-006
3.167062184909977E-005
4.177257882038110E-005
-8.469705008662673E-005
3.737930240644374E-007
1.881378975572779E-005
-3.556464437558978E-006
-1.917236969717670E-005
3.067465783165846E-005
2.799345212955800E-005
-1.035811910381761E-005
1.014756048339750E-004
-1.165091523363459E-005
-2.811549603928722E-006
-1.164420018288007E-005
-3.083687730755882E-005
-1.076046454543318E-005
4.953518304976382E-005
4.834585128165729E-006
-2.095478286773299E-005
-1.286757734297851E-005
-9.315759160212817E-006
-4.509885027531599E-006
5.880166966725723E-006
-5.976370026452319E-006
-5.391808624904841E-006
1.241541142024739E-005
2.843960482671983E-006
-7.691874703949928E-006
6.034034087289843E-006
-4.778091144513527E-006
-1.143011972304774E-005
-7.095077384981214E-006
-7.113669565207253E-006
-1.466316614614804E-005
-4.797292986206716E-006
-7.610796663559143E-006
1.128800005637023E-005
6.954575644727792E-006
-3.917659162388950E-006
1.088244513951109E-005
1.665756018423014E-005
-1.228402960534296E-006
-1.973705576981912E-005
-1.585991397374239E-005
6.413026097715025E-006
-5.928992669148595E-003
0.145648999948176
-4.602314468214118E-004
5.770672859414801E-002
1.435967826155755E-002
4.020661314629095E-002
-1.436207984736457E-003
2.648687387126299E-002
6.915121860887099E-003
-1.983751072474211E-002
-1.400265429883595E-002
-1.605310308861867E-002
-2.365163715126791E-003
6.244736396789559E-002
1.009279013428910E-002
1.772487434560996E-002
5.904756867746311E-003
1.868308194560748E-003
2.557525672649112E-003
6.363178132182894E-003
-2.840075613459552E-003
-8.849302302589094E-003
3.327831983873314E-003
-1.514862791448150E-002
-5.832478258780856E-004
3.835158057225607E-002
-1.425196205942692E-003
4.451332814089084E-003
3.062324124080322E-003
-3.128484923490799E-002
7.181236236953338E-003
1.589561324809214E-002
1.018426380448552E-003
1.214735872297076E-002
3.664335232143954E-003
-2.147069851209904E-003
