# from m095 atm9x9, ocn6x6
# 5140900.00249004

4.411040263744543E-002
-4.319839798623372E-002
2.217301134593089E-002
1.423966162962912E-002
-2.319484421419821E-003
-9.017847438818262E-003
-2.426051584699238E-003
3.628483957043613E-003
-6.832300477672935E-004
-2.003142729060492E-003
-9.854796899843881E-006
1.117598620231246E-004
-3.717810401794034E-004
1.054825853777207E-003
6.253124730196283E-004
1.456476682154472E-004
-2.353577409952151E-004
-1.173865143864737E-004
1.192125939747949E-004
3.226805809383815E-004
2.204240988041143E-004
3.300707063485844E-007
-8.595779455586521E-005
-1.428080805787638E-004
3.326667819551874E-005
3.207851890672943E-005
1.595013804221040E-004
-5.284077809912052E-003
-2.598979895389983E-003
6.095388923001676E-004
2.701397900941598E-003
5.912956228855173E-004
-6.917597921413652E-004
-1.087217497714482E-004
-9.550318456446564E-004
-4.012951315620442E-004
-1.587218700692982E-004
1.189216517118358E-004
-1.151700226025944E-004
2.592721763673504E-005
1.089260068637421E-004
1.810050627229457E-005
-2.644237628970508E-005
6.737773319147398E-005
1.443387264739081E-004
1.427984820855288E-004
-1.136038804961916E-003
-4.943218486671275E-004
9.548992255739333E-005
2.287192645174223E-004
4.893011558455145E-004
3.733909831173247E-004
3.710058874019672E-004
1.133636610840254E-004
-2.259773957666127E-005
-2.704545555293120E-006
1.101183181290917E-004
-4.421200605985636E-005
-1.646132702344403E-004
-2.425479558525607E-005
1.207407448807721E-005
-3.590783186255552E-005
-1.978931423861183E-005
2.363815546218150E-004
-8.129043382072133E-005
7.457416248625886E-006
-1.217149495841672E-004
-4.026433151254871E-004
9.451653146161235E-005
4.366905663260071E-005
-4.012779786095922E-006
-8.921781019696657E-005
1.546642599006409E-004
3.928205692272076E-005
3.077739658075757E-005
-2.603573490711892E-005
-9.023361809951011E-006
-3.044545295780799E-005
-2.432003869608736E-005
4.095389167297227E-005
3.232761625985410E-006
7.983783284147992E-005
5.962088169673012E-006
9.317636624571659E-006
-2.584630422839882E-005
-4.429825458803443E-006
-7.126923355414015E-005
-3.572966272355862E-005
-8.764362838556585E-005
1.497633493104784E-005
-2.582957574252785E-005
3.920076887930845E-005
2.851649965355302E-005
-3.582781937481169E-005
-2.237689478660820E-005
2.894024422081744E-005
9.268377249651280E-006
-2.020247290568328E-005
-2.178579192336303E-005
7.064871577741081E-006
-3.224914469122947E-006
3.454957689593016E-005
3.229370476210165E-005
5.673904841672030E-005
-2.340518201057664E-005
1.480783904731079E-006
-6.007124217806838E-006
2.011543017692843E-007
-3.457707165122456E-005
2.359512198301550E-005
2.350663138514047E-006
-8.738696444353818E-006
1.448698132787888E-005
-5.378686009636832E-006
7.624833256311777E-006
1.429684018655711E-005
1.962459898308572E-005
-2.175594609983365E-005
1.504551502169078E-005
-1.562372965016928E-005
1.712955642395029E-005
2.959828402589772E-005
7.376942865502115E-007
2.392303055295087E-005
3.740596382776600E-005
-1.895989634664994E-005
-1.178271070282652E-005
2.411863328198747E-005
5.998871233452319E-007
-2.134286778484918E-005
-7.768947920383535E-006
-1.759339178926694E-006
1.361471484884516E-006
1.713666060348523E-005
-1.494919830464992E-005
1.067952516512934E-005
-2.997825186700392E-005
-3.348618427858501E-005
8.023313261821486E-006
-2.911542758437582E-005
-7.465800514828930E-007
1.350886437663082E-006
8.546437871374256E-006
-2.904450148021370E-005
2.877825771861921E-005
1.096827678826721E-005
-2.001049356254814E-005
1.782893742749357E-005
1.865680089550292E-005
-7.974669310018148E-006
2.048203764521886E-006
5.308529899109039E-006
-1.195542794820919E-005
8.536232853567009E-006
-2.613989133337730E-006
1.701062432054492E-005
9.600939960254442E-008
-3.849138590034563E-006
-7.856538998407473E-006
1.981659375936250E-005
-9.825944156900598E-006
1.341528181259326E-005
1.775220093213713E-006
-1.240224998561621E-005
-1.435382130488881E-005
8.341930800034753E-007
2.405025347582280E-006
1.331795079564325E-005
1.879785021380419E-005
-5.166144029510825E-007
-7.161877161370573E-006
4.043605238286573E-002
-1.303750193293336E-002
1.487577083696595E-002
1.324149771315277E-003
-4.778842712227066E-003
-2.882427898289781E-003
2.717005681467836E-003
2.037540061746235E-003
7.003752922273276E-004
-5.447104348533943E-004
-2.764989178585663E-004
-2.954726084116386E-004
-1.024368725920531E-004
3.764517487589336E-004
8.233479640382059E-005
-1.291033622439480E-004
-1.024940521750298E-004
-2.885956224677689E-005
1.413600802910908E-004
2.480206208245811E-004
-1.879771706787541E-004
6.728888674775539E-006
-1.898859047797772E-005
-8.471471830349790E-005
2.645258617640739E-005
-1.879922651980330E-005
-3.757080181626613E-005
-2.189198844011646E-003
-1.542232604374939E-003
-5.587893102529295E-004
9.884596383090644E-004
-2.047457531741016E-005
-8.826195376297004E-005
5.270613937368720E-004
-3.871383635796307E-004
-1.628818378145530E-005
8.302602769122410E-005
-5.052195911210652E-005
-4.509291748011140E-005
9.542409586111246E-005
4.709733839277914E-005
3.317683674699116E-005
-2.116181107228018E-005
5.743934172501413E-005
7.551877073096168E-005
5.173627225293504E-004
-8.711120573375397E-004
-8.135201566855526E-004
6.888821222462092E-004
-3.676762763084136E-004
2.360197729101909E-004
-6.300074379140962E-005
-1.557069153594536E-004
1.581884401631525E-004
-5.377832495850187E-005
8.277114380537867E-005
7.274808352450459E-005
-1.136995100131372E-005
-8.489189335892248E-005
3.050735631156548E-006
-1.895002105124694E-005
1.356846891233198E-005
-1.097808263773892E-005
1.999480141922539E-004
-8.481588607411127E-005
1.957023168825808E-004
-1.084242901409040E-004
-1.231628530421219E-004
-1.020455065428172E-004
-7.280464184705737E-005
7.824254459544657E-005
-6.729407655135959E-005
1.248859095494369E-005
1.473752945358629E-005
1.804444414887621E-005
1.372049591506168E-005
1.187943034274838E-005
-1.085907420193755E-005
-8.443834058290727E-006
1.235539732938968E-005
-1.040876851826979E-007
-7.211118072244501E-005
1.335383265372047E-004
1.021278253428074E-004
1.045241931922738E-005
3.568305960463295E-005
3.911126464461473E-005
-4.891387126231347E-005
-2.998228451090817E-005
-1.858630955002398E-005
-3.141466228945590E-005
-2.791211392378527E-006
1.152696370278258E-005
-4.236119656051356E-006
-5.433547178535164E-005
4.184911705999271E-005
5.960568589378761E-006
-6.565901241628112E-006
1.470654851078727E-005
-4.523503510082126E-005
-2.650774568812756E-005
-6.075837123624640E-005
3.774672353540409E-005
3.480740688611660E-005
2.071258148672699E-005
-2.661466320665358E-005
-1.763991013918192E-006
3.661482665995138E-005
-4.198635885594310E-007
2.411516014120218E-005
2.992306617041727E-005
-2.065106908552660E-005
4.124446212565785E-005
9.916315773799378E-006
-1.740295580261817E-005
2.608376332289213E-005
7.623084853543080E-008
3.411751785270264E-005
-3.433439940766636E-005
-3.794013770207231E-006
5.145580224627384E-006
-2.137593653515864E-006
-1.893923584904345E-005
2.744949915088886E-005
2.105746402508100E-005
-2.051493542079139E-005
2.748456634381187E-006
1.790477310508838E-005
-1.949442937350359E-005
-4.950006440343621E-006
-1.841020913485600E-006
-2.016680194025137E-005
5.847417280749786E-008
1.212148710352225E-005
-6.524137172894295E-006
2.218027991317640E-005
1.188379854246823E-005
7.962015746528267E-006
-9.459576602151620E-006
-1.766300568045007E-005
-1.388868917968623E-005
2.208561730244980E-006
2.912841360077998E-006
-2.374420374406436E-005
-3.449203323728535E-007
8.839049112939713E-006
-1.113466833798786E-005
-2.833394975315501E-006
1.585301380493869E-005
1.563268576720413E-006
9.648210886897822E-006
1.101882455664706E-005
-1.078440642829232E-005
6.690066578724816E-006
1.342238697726300E-005
-1.543309793013337E-006
1.115104067650708E-005
4.887488434823643E-006
-1.458554901333720E-005
8.163928836300296E-006
6.589822604951672E-006
-3.615398124356063E-006
7.779691641460653E-006
-1.135133658176864E-006
-8.211002799467026E-006
-2.805712159257289E-006
6.700000108390520E-006
-1.764703927182935E-005
3.518884857698170E-006
-3.304547813495593E-006
8.789687808694785E-006
-5.833136526968991E-006
4.231228723939650E-005
2.032260077613085E-005
-3.716467409428984E-005
8.362014807591079E-006
-1.915721331127391E-006
-4.151994476901719E-006
-3.099303314547061E-005
-1.525571694238627E-005
-8.325337771134963E-005
-1.231800563562784E-005
-4.565590063055465E-005
9.626234690275959E-006
-1.608608783186522E-005
-1.222182432328583E-005
1.635863961026140E-006
-2.633162367594219E-005
-2.278414443297581E-005
-1.254593017807533E-005
1.961864355377173E-005
-1.207749920722195E-005
-1.114267571742003E-005
-2.018516213010119E-005
-3.209357715794093E-005
-1.817672105277710E-006
1.018152471841548E-005
-7.559797508416057E-006
6.007603540625436E-006
-4.715538329021052E-006
1.625865782575677E-005
-1.419265391563460E-005
3.268191387592268E-005
6.644824748398181E-006
-6.025086185464256E-005
-1.884957971230501E-005
-2.064668287449030E-005
-2.956031566618698E-003
0.109110722969504
1.764408833688579E-002
7.382750915939057E-002
-6.821486271808196E-003
5.146052678953258E-002
-1.399333394465002E-002
1.341228814794219E-002
-2.058199334488672E-002
-2.652400509592439E-002
3.350015032168515E-003
1.707422584862473E-002
1.030709922217961E-002
2.348220088754231E-002
-4.353937824323348E-003
3.170901882169148E-002
4.413588224005617E-003
3.416168919814574E-002
1.888390459787866E-002
-9.580238697964816E-003
2.340522378207293E-002
1.133632569878141E-002
4.443239844143219E-003
4.393342290347951E-003
-1.087986142030938E-002
1.568656166635379E-002
-2.070324439306976E-003
4.148226545370864E-002
2.487082842794125E-003
-2.040067461505360E-002
-6.845020332154780E-004
1.794238644871980E-002
-2.674404229440774E-003
-2.359378625322458E-002
1.115809504662446E-002
-9.351187788659950E-003
