# from m093, 318 variables

4.297760961680735E-002
-2.972836356381597E-002
4.740764516096209E-002
7.986410511406892E-003
-7.365217042287211E-004
1.265688927507686E-005
-1.059028796292933E-003
4.243554089835072E-004
-2.366739509774480E-003
-1.058579516867185E-003
3.671836770430743E-004
-7.514477236745034E-004
-2.136494926544451E-004
-2.170120523622406E-004
-1.503716084379012E-004
-3.177360705116944E-004
1.543693009868493E-005
-1.009127874903967E-004
7.850565930606937E-004
9.164690018081356E-004
1.230913677797814E-003
2.217399685306811E-003
1.148518885818706E-004
-8.017665789697365E-005
-4.273134328378563E-004
-7.575694633336552E-005
3.093699494270811E-005
-1.757662395256755E-004
-6.597122795178182E-005
6.472684634873536E-005
-5.314893093777193E-004
-5.621885681987448E-005
3.728653475555104E-004
1.746481353038620E-004
5.171281897643966E-004
-2.322092897736889E-004
-9.066611549817847E-005
-9.729196188464482E-005
3.564850377035463E-005
1.716942901171109E-004
-7.416133296304804E-005
1.273720194677009E-004
-2.066148463792928E-004
2.092839613268125E-004
1.392634897506781E-006
1.224160403366294E-004
1.138370929730049E-004
9.988983111970454E-005
-1.139083744764884E-004
-6.870173994923978E-005
-4.200199988984784E-005
-6.930247229345130E-005
9.146511845684694E-005
2.664210904516068E-005
-6.458215664614140E-005
1.667498531676699E-005
5.260105658271415E-007
-3.707036000273488E-005
2.812088096992251E-005
-5.483102972721302E-006
-3.019086705610741E-005
1.816728539144291E-005
-5.410278092938042E-005
3.562709539534457E-005
2.182972827255911E-005
2.380792661301926E-005
3.095983882025960E-005
6.060068191487722E-005
-1.245138493918027E-005
-8.479810892321121E-006
1.433331479767654E-005
-2.006411500756239E-005
7.612183275323087E-006
-2.150120862538468E-005
-2.947376169685237E-005
6.933871724067514E-007
2.306118320612729E-005
-7.374651039261182E-006
4.163568020720709E-002
-6.081640019537048E-003
2.559588744536696E-002
2.264717360106516E-003
-1.938816259548578E-003
1.662315240210930E-004
2.402454397798906E-004
5.776475197759680E-004
-1.787150917794407E-003
-6.066438943650868E-004
-1.329283328008167E-005
-4.838994593166237E-004
-9.591572812329651E-005
5.938381882628177E-005
-2.173581148187220E-004
-1.167173608162376E-004
-1.497590461776532E-004
-1.375221577369845E-005
-1.271640850625020E-004
-5.796886733048985E-004
1.079888881594761E-003
8.314823226031064E-004
-2.448719759502522E-004
4.776984673571019E-005
-2.268425127595751E-004
-1.585108392262922E-004
-1.761117430532234E-004
-7.471022727971825E-005
-9.139813266798893E-005
-5.226027002759619E-005
-2.521470568098913E-004
9.680761650559583E-006
5.594842532522160E-005
7.204776464944204E-005
2.204084642554648E-005
-2.530240917187587E-004
2.825586397313532E-005
6.519427942666047E-005
-4.630908816910947E-005
2.418969926168979E-005
3.572579136787551E-005
4.371059769100441E-005
-2.002092981471670E-006
-1.101124763915976E-004
5.720818701950979E-005
7.823237797241805E-005
-2.077618132556006E-005
-7.897641939725566E-005
-1.238237406010693E-004
-8.141219563777161E-005
-2.470511532189367E-005
2.828610608043410E-005
-1.742620727755631E-005
2.740079716130074E-005
-8.124800334758135E-006
-2.240438137375280E-006
-6.314625892812624E-005
-7.538107536309975E-006
1.118067286059863E-005
-2.680942399826161E-005
-5.530686638931444E-006
3.808741324344785E-006
-6.675878022022129E-005
1.527019103093786E-005
-1.433299895277542E-005
6.444058174183365E-006
-1.052348280825971E-005
-7.191922320569217E-005
1.314479322304616E-005
-2.871162357220252E-005
-7.119330461089446E-006
-1.965106151645882E-005
-2.657533361208896E-006
-6.284056852211314E-005
8.140389188139173E-006
-1.158042834062311E-005
-1.996345090724634E-005
-1.882300016270868E-005
1.495448395187611E-005
8.761330775154424E-005
9.611733091945398E-006
-3.268290343165706E-005
8.288806782101195E-006
-4.066250060870511E-005
1.046520118826345E-007
-1.089161226266919E-005
-3.533869186433900E-007
-1.408265842823293E-005
-4.978975596947842E-005
-2.520422486144932E-005
-4.618407652931407E-005
-1.368884995567406E-005
-1.931183780375079E-005
-2.697122134837074E-006
-2.903006177083001E-006
-1.053270928300845E-006
-4.645782737922651E-006
5.229675648482472E-005
-1.698803048484408E-005
-1.071209347600358E-005
-1.877805655819780E-005
-1.394515135799835E-005
-3.787076960911130E-006
-5.847610288574233E-006
-1.390134610999065E-006
-3.219902989364343E-005
2.073989432681791E-006
-4.678538901958592E-005
-1.107449652846923E-005
-2.371962587298663E-005
-3.859409261324548E-006
-3.274978885723446E-006
-1.706315974265118E-006
-1.718335632130428E-006
-1.084269210186817E-005
4.393105079462620E-005
-3.170040810824120E-005
-3.318424420342285E-006
-2.298981523201991E-005
-1.130973101780380E-005
-6.588322216691396E-007
-3.022740361920375E-006
-2.129588271106295E-006
-1.073233615387746E-005
-1.771711585602197E-006
-2.096156651361313E-005
-1.295749684655973E-005
-7.631773270310697E-006
-4.220271379176078E-006
-2.205267806457101E-006
-1.289057217209007E-006
-5.674479028978944E-007
6.457877662367570E-007
3.494840403759223E-005
-1.151626138691133E-005
-1.187322426068381E-005
-1.248955089207469E-006
-1.510454182396555E-005
1.464977515922048E-006
-1.614580760873391E-007
6.510212782348382E-008
-3.515776190848400E-007
2.226758668845423E-006
-3.642100480783392E-006
-1.505628131189407E-005
3.747170455488987E-006
-1.313727542738987E-005
-6.252981923401672E-007
-1.232093306655602E-006
-1.491926103803487E-008
2.032643778279307E-006
5.789171989996925E-005
-1.215989604480511E-005
-6.876799950387534E-007
4.016787069422774E-007
-1.189048463463823E-005
2.907031454794711E-006
-4.066597524405099E-007
-1.752184291754512E-006
-5.924424375969505E-004
0.156353688950753
-8.591329683804059E-004
2.241538022339671E-002
-6.805462627568907E-004
9.233756527664476E-003
-4.948351488692950E-003
3.675350574236450E-002
-5.884929864029444E-003
-1.521433996034747E-003
-1.531717033183695E-003
-2.604294611521310E-003
1.235826186897273E-002
2.957375908242491E-003
1.642813800154771E-002
2.875497089532722E-004
5.202898815077222E-003
6.385912238739549E-003
7.280176982626500E-003
4.604710351996592E-002
1.294686292151808E-002
9.215070810540987E-003
5.171443503214852E-003
4.849997580911085E-003
5.539182726200519E-003
7.882706195422279E-003
-6.640527124159076E-003
-5.742205087132047E-003
-3.278627333305832E-004
2.758307396098006E-003
8.557291470894744E-004
1.752257335392184E-002
1.404862774503739E-003
1.014849168731445E-002
-1.129988235419871E-003
9.863437216360925E-003
2.555828449443701E-003
2.095795757037033E-002
8.488267619946839E-003
5.263498261008259E-003
1.025294850122335E-002
-1.269809963167424E-003
1.810953374692078E-002
-2.395719043583616E-003
2.198998426819769E-003
-3.025155105878048E-003
4.905902145759389E-003
-2.729657761807008E-003
1.352392269456226E-002
4.253597263602596E-003
7.346906671863243E-003
9.643588097654537E-003
-3.277021061833017E-003
6.865907580754444E-004
-4.071532147949058E-003
2.822790812874067E-002
-4.757367344099749E-003
5.565900237379763E-003
3.766442010036334E-003
4.235268146436317E-003
6.838564041327184E-003
-4.990181782064609E-003
8.815409256721489E-003
-4.168676672026331E-003
3.841456534771665E-003
-8.953349929735285E-003
7.792782568585317E-003
-3.817759790563172E-003
6.584827047320303E-003
-5.830840077578972E-004
1.229917669553604E-002
-4.581299511311368E-003
-2.269095610292686E-004
4.307401706218054E-002
-4.441729316366032E-003
-1.614528632456762E-002
3.075281915852910E-003
-2.253453714229213E-003
6.375183514973426E-003
-6.851436162938119E-003
1.664125533876300E-003
